{
 "cells": [
  {
   "cell_type": "code",
   "execution_count": 84,
   "id": "d6b0fac4-4213-412b-9482-195985ff0019",
   "metadata": {},
   "outputs": [],
   "source": [
    "import pandas as pd\n",
    "import numpy as np"
   ]
  },
  {
   "cell_type": "code",
   "execution_count": 86,
   "id": "10adc32f-ec74-49a1-bf3f-d779b2b751bd",
   "metadata": {},
   "outputs": [],
   "source": [
    "dataset=pd.read_csv(\"PrePlacementdata.csv\")"
   ]
  },
  {
   "cell_type": "code",
   "execution_count": 88,
   "id": "c318a59c-3e71-484d-acc3-1b7d0be060db",
   "metadata": {},
   "outputs": [
    {
     "data": {
      "text/plain": [
       "sl_no             0\n",
       "ssc_p             0\n",
       "hsc_p             0\n",
       "degree_p          0\n",
       "etest_p           0\n",
       "mba_p             0\n",
       "salary            0\n",
       "gender            0\n",
       "ssc_b             0\n",
       "hsc_b             0\n",
       "hsc_s             0\n",
       "degree_t          0\n",
       "workex            0\n",
       "specialisation    0\n",
       "status            0\n",
       "dtype: int64"
      ]
     },
     "execution_count": 88,
     "metadata": {},
     "output_type": "execute_result"
    }
   ],
   "source": [
    "dataset.isnull().sum()"
   ]
  },
  {
   "cell_type": "code",
   "execution_count": 90,
   "id": "8bb08006-fe5d-453c-8650-f551a1196d90",
   "metadata": {},
   "outputs": [],
   "source": [
    "def quanQual(dataset):\n",
    "        quan=[]\n",
    "        qual=[]\n",
    "        for columnName in dataset.columns:\n",
    "            if(dataset[columnName].dtypes=='O'):\n",
    "                qual.append(columnName)\n",
    "            else:\n",
    "                quan.append(columnName)\n",
    "        return quan,qual"
   ]
  },
  {
   "cell_type": "code",
   "execution_count": 92,
   "id": "18d9b03e-39d3-4d98-ad45-042706837764",
   "metadata": {},
   "outputs": [],
   "source": [
    "quan,qual=quanQual(dataset)"
   ]
  },
  {
   "cell_type": "code",
   "execution_count": 94,
   "id": "2adab421-f73c-4a7f-a951-e914fb522c7b",
   "metadata": {},
   "outputs": [
    {
     "data": {
      "text/plain": [
       "['sl_no', 'ssc_p', 'hsc_p', 'degree_p', 'etest_p', 'mba_p', 'salary']"
      ]
     },
     "execution_count": 94,
     "metadata": {},
     "output_type": "execute_result"
    }
   ],
   "source": [
    "quan"
   ]
  },
  {
   "cell_type": "code",
   "execution_count": 100,
   "id": "ed9832e1-b703-4935-9439-87d6f22e9a09",
   "metadata": {},
   "outputs": [
    {
     "data": {
      "text/html": [
       "<div>\n",
       "<style scoped>\n",
       "    .dataframe tbody tr th:only-of-type {\n",
       "        vertical-align: middle;\n",
       "    }\n",
       "\n",
       "    .dataframe tbody tr th {\n",
       "        vertical-align: top;\n",
       "    }\n",
       "\n",
       "    .dataframe thead th {\n",
       "        text-align: right;\n",
       "    }\n",
       "</style>\n",
       "<table border=\"1\" class=\"dataframe\">\n",
       "  <thead>\n",
       "    <tr style=\"text-align: right;\">\n",
       "      <th></th>\n",
       "      <th>sl_no</th>\n",
       "      <th>ssc_p</th>\n",
       "      <th>hsc_p</th>\n",
       "      <th>degree_p</th>\n",
       "      <th>etest_p</th>\n",
       "      <th>mba_p</th>\n",
       "      <th>salary</th>\n",
       "    </tr>\n",
       "  </thead>\n",
       "  <tbody>\n",
       "    <tr>\n",
       "      <th>sl_no</th>\n",
       "      <td>3870.000000</td>\n",
       "      <td>-52.641355</td>\n",
       "      <td>-58.106028</td>\n",
       "      <td>-40.413645</td>\n",
       "      <td>52.556168</td>\n",
       "      <td>8.102336</td>\n",
       "      <td>2.484009e+05</td>\n",
       "    </tr>\n",
       "    <tr>\n",
       "      <th>ssc_p</th>\n",
       "      <td>-52.641355</td>\n",
       "      <td>117.228377</td>\n",
       "      <td>60.348373</td>\n",
       "      <td>42.897137</td>\n",
       "      <td>37.659225</td>\n",
       "      <td>24.535952</td>\n",
       "      <td>1.976764e+04</td>\n",
       "    </tr>\n",
       "    <tr>\n",
       "      <th>hsc_p</th>\n",
       "      <td>-58.106028</td>\n",
       "      <td>60.348373</td>\n",
       "      <td>118.755706</td>\n",
       "      <td>34.819820</td>\n",
       "      <td>35.461678</td>\n",
       "      <td>22.555846</td>\n",
       "      <td>4.600806e+04</td>\n",
       "    </tr>\n",
       "    <tr>\n",
       "      <th>degree_p</th>\n",
       "      <td>-40.413645</td>\n",
       "      <td>42.897137</td>\n",
       "      <td>34.819820</td>\n",
       "      <td>54.151103</td>\n",
       "      <td>21.929469</td>\n",
       "      <td>17.272020</td>\n",
       "      <td>-8.064357e+03</td>\n",
       "    </tr>\n",
       "    <tr>\n",
       "      <th>etest_p</th>\n",
       "      <td>52.556168</td>\n",
       "      <td>37.659225</td>\n",
       "      <td>35.461678</td>\n",
       "      <td>21.929469</td>\n",
       "      <td>176.251018</td>\n",
       "      <td>16.886973</td>\n",
       "      <td>1.571579e+05</td>\n",
       "    </tr>\n",
       "    <tr>\n",
       "      <th>mba_p</th>\n",
       "      <td>8.102336</td>\n",
       "      <td>24.535952</td>\n",
       "      <td>22.555846</td>\n",
       "      <td>17.272020</td>\n",
       "      <td>16.886973</td>\n",
       "      <td>34.028376</td>\n",
       "      <td>6.611551e+04</td>\n",
       "    </tr>\n",
       "    <tr>\n",
       "      <th>salary</th>\n",
       "      <td>248400.921950</td>\n",
       "      <td>19767.643976</td>\n",
       "      <td>46008.057275</td>\n",
       "      <td>-8064.357161</td>\n",
       "      <td>157157.850783</td>\n",
       "      <td>66115.509283</td>\n",
       "      <td>5.999726e+09</td>\n",
       "    </tr>\n",
       "  </tbody>\n",
       "</table>\n",
       "</div>"
      ],
      "text/plain": [
       "                  sl_no         ssc_p         hsc_p     degree_p  \\\n",
       "sl_no       3870.000000    -52.641355    -58.106028   -40.413645   \n",
       "ssc_p        -52.641355    117.228377     60.348373    42.897137   \n",
       "hsc_p        -58.106028     60.348373    118.755706    34.819820   \n",
       "degree_p     -40.413645     42.897137     34.819820    54.151103   \n",
       "etest_p       52.556168     37.659225     35.461678    21.929469   \n",
       "mba_p          8.102336     24.535952     22.555846    17.272020   \n",
       "salary    248400.921950  19767.643976  46008.057275 -8064.357161   \n",
       "\n",
       "                etest_p         mba_p        salary  \n",
       "sl_no         52.556168      8.102336  2.484009e+05  \n",
       "ssc_p         37.659225     24.535952  1.976764e+04  \n",
       "hsc_p         35.461678     22.555846  4.600806e+04  \n",
       "degree_p      21.929469     17.272020 -8.064357e+03  \n",
       "etest_p      176.251018     16.886973  1.571579e+05  \n",
       "mba_p         16.886973     34.028376  6.611551e+04  \n",
       "salary    157157.850783  66115.509283  5.999726e+09  "
      ]
     },
     "execution_count": 100,
     "metadata": {},
     "output_type": "execute_result"
    }
   ],
   "source": [
    "dataset[quan].cov()"
   ]
  },
  {
   "cell_type": "code",
   "execution_count": 102,
   "id": "f260fd9f-bec0-4376-ab1e-0cf7b972db3a",
   "metadata": {},
   "outputs": [
    {
     "data": {
      "text/html": [
       "<div>\n",
       "<style scoped>\n",
       "    .dataframe tbody tr th:only-of-type {\n",
       "        vertical-align: middle;\n",
       "    }\n",
       "\n",
       "    .dataframe tbody tr th {\n",
       "        vertical-align: top;\n",
       "    }\n",
       "\n",
       "    .dataframe thead th {\n",
       "        text-align: right;\n",
       "    }\n",
       "</style>\n",
       "<table border=\"1\" class=\"dataframe\">\n",
       "  <thead>\n",
       "    <tr style=\"text-align: right;\">\n",
       "      <th></th>\n",
       "      <th>sl_no</th>\n",
       "      <th>ssc_p</th>\n",
       "      <th>hsc_p</th>\n",
       "      <th>degree_p</th>\n",
       "      <th>etest_p</th>\n",
       "      <th>mba_p</th>\n",
       "      <th>salary</th>\n",
       "    </tr>\n",
       "  </thead>\n",
       "  <tbody>\n",
       "    <tr>\n",
       "      <th>sl_no</th>\n",
       "      <td>1.000000</td>\n",
       "      <td>-0.078155</td>\n",
       "      <td>-0.085711</td>\n",
       "      <td>-0.088281</td>\n",
       "      <td>0.063636</td>\n",
       "      <td>0.022327</td>\n",
       "      <td>0.051550</td>\n",
       "    </tr>\n",
       "    <tr>\n",
       "      <th>ssc_p</th>\n",
       "      <td>-0.078155</td>\n",
       "      <td>1.000000</td>\n",
       "      <td>0.511472</td>\n",
       "      <td>0.538404</td>\n",
       "      <td>0.261993</td>\n",
       "      <td>0.388478</td>\n",
       "      <td>0.023571</td>\n",
       "    </tr>\n",
       "    <tr>\n",
       "      <th>hsc_p</th>\n",
       "      <td>-0.085711</td>\n",
       "      <td>0.511472</td>\n",
       "      <td>1.000000</td>\n",
       "      <td>0.434206</td>\n",
       "      <td>0.245113</td>\n",
       "      <td>0.354823</td>\n",
       "      <td>0.054506</td>\n",
       "    </tr>\n",
       "    <tr>\n",
       "      <th>degree_p</th>\n",
       "      <td>-0.088281</td>\n",
       "      <td>0.538404</td>\n",
       "      <td>0.434206</td>\n",
       "      <td>1.000000</td>\n",
       "      <td>0.224470</td>\n",
       "      <td>0.402364</td>\n",
       "      <td>-0.014148</td>\n",
       "    </tr>\n",
       "    <tr>\n",
       "      <th>etest_p</th>\n",
       "      <td>0.063636</td>\n",
       "      <td>0.261993</td>\n",
       "      <td>0.245113</td>\n",
       "      <td>0.224470</td>\n",
       "      <td>1.000000</td>\n",
       "      <td>0.218055</td>\n",
       "      <td>0.152829</td>\n",
       "    </tr>\n",
       "    <tr>\n",
       "      <th>mba_p</th>\n",
       "      <td>0.022327</td>\n",
       "      <td>0.388478</td>\n",
       "      <td>0.354823</td>\n",
       "      <td>0.402364</td>\n",
       "      <td>0.218055</td>\n",
       "      <td>1.000000</td>\n",
       "      <td>0.146324</td>\n",
       "    </tr>\n",
       "    <tr>\n",
       "      <th>salary</th>\n",
       "      <td>0.051550</td>\n",
       "      <td>0.023571</td>\n",
       "      <td>0.054506</td>\n",
       "      <td>-0.014148</td>\n",
       "      <td>0.152829</td>\n",
       "      <td>0.146324</td>\n",
       "      <td>1.000000</td>\n",
       "    </tr>\n",
       "  </tbody>\n",
       "</table>\n",
       "</div>"
      ],
      "text/plain": [
       "             sl_no     ssc_p     hsc_p  degree_p   etest_p     mba_p    salary\n",
       "sl_no     1.000000 -0.078155 -0.085711 -0.088281  0.063636  0.022327  0.051550\n",
       "ssc_p    -0.078155  1.000000  0.511472  0.538404  0.261993  0.388478  0.023571\n",
       "hsc_p    -0.085711  0.511472  1.000000  0.434206  0.245113  0.354823  0.054506\n",
       "degree_p -0.088281  0.538404  0.434206  1.000000  0.224470  0.402364 -0.014148\n",
       "etest_p   0.063636  0.261993  0.245113  0.224470  1.000000  0.218055  0.152829\n",
       "mba_p     0.022327  0.388478  0.354823  0.402364  0.218055  1.000000  0.146324\n",
       "salary    0.051550  0.023571  0.054506 -0.014148  0.152829  0.146324  1.000000"
      ]
     },
     "execution_count": 102,
     "metadata": {},
     "output_type": "execute_result"
    }
   ],
   "source": [
    "dataset[quan].corr()"
   ]
  },
  {
   "cell_type": "code",
   "execution_count": null,
   "id": "b273c410-8e41-4ba3-94f1-d0a1f4b438ae",
   "metadata": {},
   "outputs": [],
   "source": []
  }
 ],
 "metadata": {
  "kernelspec": {
   "display_name": "Python [conda env:base] *",
   "language": "python",
   "name": "conda-base-py"
  },
  "language_info": {
   "codemirror_mode": {
    "name": "ipython",
    "version": 3
   },
   "file_extension": ".py",
   "mimetype": "text/x-python",
   "name": "python",
   "nbconvert_exporter": "python",
   "pygments_lexer": "ipython3",
   "version": "3.12.7"
  }
 },
 "nbformat": 4,
 "nbformat_minor": 5
}
